1	G	0.9325	[0.3637,1.1424]	0.5946	135/135
2	R	0.3973	[0.1123,0.4954]	0.3294	135/135
3	L	0.5829	[0.1763,0.8707]	0.4828	135/135
4	I	0.3365	[0.0646,0.4954]	0.2802	135/135
5	Y	0.1982	[0.0013,0.2590]	0.2905	135/135
6	T	1.5172	[0.8707,2.0307]	0.5958	135/135
7	A	1.0702	[0.4954,1.5074]	0.5112	135/135
8	G	0.1877	[0.0013,0.2590]	0.2752	135/135
9	G	0.1877	[0.0013,0.2590]	0.2752	135/135
10	Y	0.1982	[0.0013,0.2590]	0.2905	135/135
11	F	3.5294	[2.0307,5.3826]	1.4457	135/135
12	R	0.6844	[0.2590,0.8707]	0.4382	135/135
13	Q	0.3978	[0.1123,0.4954]	0.3298	135/135
14	S	0.0940	[0.0013,0.1123]	0.1377	135/135
15	L	0.1836	[0.0013,0.2590]	0.2694	135/135
16	S	1.1848	[0.6607,1.5074]	0.5126	135/135
17	Y	2.8855	[1.5074,2.8911]	1.3110	135/135
18	L	0.9791	[0.3637,1.1424]	0.6229	135/135
19	E	0.1375	[0.0013,0.1763]	0.2018	135/135
20	A	0.1075	[0.0013,0.1123]	0.1575	135/135
21	Y	1.9180	[0.8707,2.8911]	0.9423	135/135
22	N	0.7939	[0.3637,1.1424]	0.4288	135/135
23	P	0.1706	[0.0013,0.2590]	0.2500	135/135
24	S	5.2409	[2.8911,5.3826]	0.5859	135/135
25	D	3.1967	[2.0307,2.8911]	1.2056	135/135
26	G	2.2187	[1.1424,2.8911]	1.0240	135/135
27	T	5.2870	[2.8911,5.3826]	0.4817	135/135
28	W	0.3215	[0.0106,0.3637]	0.4703	135/135
29	L	1.7373	[0.8707,2.0307]	0.8289	135/135
30	R	1.8128	[0.8707,2.0307]	0.7045	135/135
31	L	0.1836	[0.0013,0.2590]	0.2694	135/135
32	A	0.3393	[0.0646,0.4954]	0.2819	135/135
33	D	0.7005	[0.2590,0.8707]	0.4484	135/135
34	L	0.5705	[0.1763,0.8707]	0.4726	135/135
35	Q	1.2757	[0.6607,1.5074]	0.6019	135/135
36	V	0.8480	[0.3637,1.1424]	0.4608	135/135
37	P	0.1706	[0.0013,0.2590]	0.2500	135/135
38	R	0.1277	[0.0013,0.1763]	0.1871	135/135
39	S	0.0940	[0.0013,0.1123]	0.1377	135/135
40	G	0.1877	[0.0013,0.2590]	0.2752	135/135
41	L	0.1836	[0.0013,0.2590]	0.2694	135/135
42	A	0.1075	[0.0013,0.1123]	0.1575	135/135
43	G	2.0692	[1.1424,2.8911]	0.8292	135/135
44	C	1.0852	[0.4954,1.5074]	0.6855	135/135
45	V	0.6232	[0.2590,0.8707]	0.3974	135/135
46	V	0.6032	[0.2590,0.8707]	0.3880	135/135
47	G	2.1398	[1.1424,2.8911]	0.7928	135/135
48	G	0.1877	[0.0013,0.2590]	0.2752	135/135
49	L	0.1836	[0.0013,0.2590]	0.2694	135/135
50	L	1.9258	[0.8707,2.8911]	0.9555	135/135
51	Y	0.1982	[0.0013,0.2590]	0.2905	135/135
52	A	0.3421	[0.0646,0.4954]	0.2843	135/135
53	V	0.3437	[0.0646,0.4954]	0.2863	135/135
54	G	0.1877	[0.0013,0.2590]	0.2752	135/135
55	G	0.1877	[0.0013,0.2590]	0.2752	135/135
56	R	0.1277	[0.0013,0.1763]	0.1871	135/135
57	N	0.1049	[0.0013,0.1123]	0.1535	135/135
58	N	0.1049	[0.0013,0.1123]	0.1535	135/135
59	S	0.5575	[0.1763,0.6607]	0.3585	135/135
60	P	0.5370	[0.1123,0.6607]	0.4443	135/135
61	D	0.3982	[0.1123,0.4954]	0.3313	135/135
62	G	0.6090	[0.1763,0.8707]	0.5028	135/135
63	N	0.1049	[0.0013,0.1123]	0.1535	135/135
64	T	1.3397	[0.6607,1.5074]	0.5764	135/135
65	D	0.1259	[0.0013,0.1763]	0.1847	135/135
66	S	0.0940	[0.0013,0.1123]	0.1377	135/135
67	S	3.5009	[2.0307,5.3826]	1.2692	135/135
68	A	2.0157	[1.1424,2.8911]	0.6785	135/135
69	L	0.5501	[0.1763,0.6607]	0.4563	135/135
70	D	0.1259	[0.0013,0.1763]	0.1847	135/135
71	C	0.2087	[0.0013,0.2590]	0.3053	135/135
72	Y	0.1982	[0.0013,0.2590]	0.2905	135/135
73	N	0.1049	[0.0013,0.1123]	0.1535	135/135
74	P	0.1706	[0.0013,0.2590]	0.2500	135/135
75	M	0.1124	[0.0013,0.1763]	0.1645	135/135
76	T	0.3288	[0.0646,0.4954]	0.2731	135/135
77	N	0.3304	[0.0646,0.4954]	0.2742	135/135
78	Q	2.0014	[1.1424,2.8911]	0.8623	135/135
79	W	0.3226	[0.0106,0.3637]	0.4720	134/135
80	S	2.2060	[1.1424,2.8911]	0.7723	135/135
81	P	0.9137	[0.3637,1.1424]	0.5804	135/135
82	C	0.2087	[0.0013,0.2590]	0.3053	135/135
83	A	0.8131	[0.3637,1.1424]	0.4404	135/135
84	P	4.1049	[2.0307,5.3826]	1.3760	135/135
85	M	0.3644	[0.1123,0.4954]	0.3020	135/135
86	S	1.8765	[1.1424,2.0307]	0.6284	135/135
87	V	0.3595	[0.1123,0.4954]	0.2987	135/135
88	P	0.8999	[0.3637,1.1424]	0.5716	135/135
89	R	0.1277	[0.0013,0.1763]	0.1871	135/135
90	N	0.1049	[0.0013,0.1123]	0.1535	135/135
91	R	0.1277	[0.0013,0.1763]	0.1871	135/135
92	I	0.8032	[0.3637,1.1424]	0.4351	135/135
93	G	0.1877	[0.0013,0.2590]	0.2752	135/135
94	V	1.4056	[0.6607,2.0307]	0.6021	135/135
95	G	0.5905	[0.1763,0.8707]	0.4881	135/135
96	V	0.3452	[0.0646,0.4954]	0.2875	135/135
97	I	0.1058	[0.0013,0.1123]	0.1552	135/135
98	D	0.1259	[0.0013,0.1763]	0.1847	135/135
99	G	0.5946	[0.1763,0.8707]	0.4914	135/135
100	H	1.9312	[1.1424,2.0307]	0.6862	135/135
101	I	0.8020	[0.3637,1.1424]	0.4358	135/135
102	Y	0.1982	[0.0013,0.2590]	0.2905	135/135
103	A	0.1075	[0.0013,0.1123]	0.1575	135/135
104	V	0.5790	[0.1763,0.8707]	0.3724	135/135
105	G	0.1877	[0.0013,0.2590]	0.2752	135/135
106	G	0.1877	[0.0013,0.2590]	0.2752	135/135
107	S	0.0940	[0.0013,0.1123]	0.1377	135/135
108	H	0.7619	[0.2590,1.1424]	0.4723	135/135
109	G	0.1877	[0.0013,0.2590]	0.2752	135/135
110	C	0.6139	[0.1763,0.8707]	0.5062	135/135
111	I	3.1902	[2.0307,2.8911]	1.1933	135/135
112	H	0.1165	[0.0013,0.1763]	0.1705	135/135
113	H	0.1165	[0.0013,0.1763]	0.1705	135/135
114	N	1.4913	[0.8707,2.0307]	0.5867	135/135
115	S	0.3011	[0.0646,0.3637]	0.2500	135/135
116	V	0.5789	[0.1763,0.8707]	0.3724	135/135
117	E	0.1375	[0.0013,0.1763]	0.2018	135/135
118	R	0.4026	[0.1123,0.4954]	0.3343	135/135
119	Y	1.0633	[0.3637,1.5074]	0.6741	135/135
120	E	0.4366	[0.1123,0.6607]	0.3637	134/135
121	P	0.1706	[0.0013,0.2590]	0.2500	135/135
122	E	0.7343	[0.2590,0.8707]	0.4711	135/135
123	R	4.9345	[2.8911,5.3826]	0.9801	135/135
124	D	0.3968	[0.1123,0.4954]	0.3301	135/135
125	E	3.3500	[2.0307,5.3826]	1.3043	135/135
126	W	0.3215	[0.0106,0.3637]	0.4703	135/135
127	H	4.8903	[2.8911,5.3826]	1.0175	135/135
128	L	1.8102	[0.8707,2.0307]	0.8771	135/135
129	V	0.3429	[0.0646,0.4954]	0.2856	135/135
130	A	1.7786	[1.1424,2.0307]	0.6449	135/135
131	P	1.6409	[0.8707,2.0307]	0.7716	135/135
132	M	0.1124	[0.0013,0.1763]	0.1645	135/135
133	L	1.9183	[0.8707,2.8911]	0.9487	135/135
134	T	0.7608	[0.3637,0.8707]	0.4115	135/135
135	R	1.3045	[0.6607,1.5074]	0.6169	135/135
136	R	0.1277	[0.0013,0.1763]	0.1871	135/135
137	I	0.1058	[0.0013,0.1123]	0.1552	135/135
138	G	0.1877	[0.0013,0.2590]	0.2752	135/135
139	V	0.1083	[0.0013,0.1123]	0.1589	135/135
140	G	0.5909	[0.1763,0.8707]	0.4884	135/135
141	V	0.1083	[0.0013,0.1123]	0.1589	135/135
142	A	1.2944	[0.6607,1.5074]	0.5579	135/135
143	V	0.3413	[0.0646,0.4954]	0.2838	135/135
144	L	1.8432	[0.8707,2.0307]	0.7708	135/135
145	N	0.3297	[0.0646,0.4954]	0.2736	135/135
146	R	0.1277	[0.0013,0.1763]	0.1871	135/135
147	L	0.1836	[0.0013,0.2590]	0.2694	135/135
148	L	0.1836	[0.0013,0.2590]	0.2694	135/135
149	Y	0.1982	[0.0013,0.2590]	0.2905	135/135
150	A	0.1075	[0.0013,0.1123]	0.1575	135/135
151	V	0.8153	[0.3637,1.1424]	0.4420	135/135
152	G	0.1877	[0.0013,0.2590]	0.2752	135/135
153	G	0.1877	[0.0013,0.2590]	0.2752	135/135
154	F	0.6022	[0.1763,0.8707]	0.4977	135/135
155	D	0.1259	[0.0013,0.1763]	0.1847	135/135
156	G	0.1877	[0.0013,0.2590]	0.2752	135/135
157	T	1.7568	[0.8707,2.0307]	0.6358	135/135
158	N	2.7483	[1.5074,2.8911]	0.9654	135/135
159	R	0.4029	[0.1123,0.4954]	0.3346	135/135
160	L	0.5650	[0.1763,0.8707]	0.4683	135/135
161	N	4.4253	[2.0307,5.3826]	1.2589	135/135
162	S	0.2964	[0.0646,0.3637]	0.2463	135/135
163	A	2.5126	[1.5074,2.8911]	0.9358	135/135
164	E	0.1375	[0.0013,0.1763]	0.2018	135/135
165	C	1.9660	[0.8707,2.8911]	0.9770	135/135
166	Y	0.1982	[0.0013,0.2590]	0.2905	135/135
167	Y	1.1745	[0.4954,1.5074]	0.6263	135/135
168	P	0.5372	[0.1123,0.6607]	0.4444	135/135
169	E	1.3372	[0.6607,1.5074]	0.6328	135/135
170	R	2.7385	[1.5074,2.8911]	1.0838	135/135
171	N	2.1070	[1.1424,2.8911]	0.7475	135/135
172	E	0.7479	[0.2590,0.8707]	0.4794	135/135
173	W	0.3215	[0.0106,0.3637]	0.4703	135/135
174	R	5.2524	[2.8911,5.3826]	0.5613	135/135
175	M	3.5395	[2.0307,5.3826]	1.3066	135/135
176	I	1.8258	[1.1424,2.0307]	0.6629	135/135
177	T	1.5729	[0.8707,2.0307]	0.6153	135/135
178	A	5.3423	[2.8911,5.3826]	0.3161	135/135
179	M	0.1124	[0.0013,0.1763]	0.1645	135/135
180	N	0.8113	[0.3637,1.1424]	0.4383	135/135
181	T	1.9186	[1.1424,2.0307]	0.6462	135/135
182	I	0.8659	[0.3637,1.1424]	0.4713	135/135
183	R	0.1277	[0.0013,0.1763]	0.1871	135/135
184	S	0.2961	[0.0646,0.3637]	0.2460	135/135
185	G	0.1877	[0.0013,0.2590]	0.2752	135/135
186	A	0.3389	[0.0646,0.4954]	0.2817	135/135
187	G	0.1877	[0.0013,0.2590]	0.2752	135/135
188	V	0.8519	[0.3637,1.1424]	0.4621	135/135
189	C	0.2087	[0.0013,0.2590]	0.3053	135/135
190	V	3.3287	[2.0307,2.8911]	1.2200	135/135
191	L	0.5782	[0.1763,0.8707]	0.4790	135/135
192	H	2.8122	[1.5074,2.8911]	1.1161	135/135
193	N	1.2683	[0.6607,1.5074]	0.5452	135/135
194	C	5.2464	[2.8911,5.3826]	0.5739	135/135
195	I	0.8203	[0.3637,1.1424]	0.4441	135/135
196	Y	1.0558	[0.3637,1.5074]	0.6693	135/135
197	A	0.3404	[0.0646,0.4954]	0.2830	135/135
198	A	1.3676	[0.6607,1.5074]	0.5835	135/135
199	G	0.1877	[0.0013,0.2590]	0.2752	135/135
200	G	0.1877	[0.0013,0.2590]	0.2752	135/135
201	Y	0.1982	[0.0013,0.2590]	0.2905	135/135
202	D	0.6708	[0.2590,0.8707]	0.4305	135/135
203	G	0.1877	[0.0013,0.2590]	0.2752	135/135
204	Q	1.1375	[0.4954,1.5074]	0.5367	135/135
205	D	1.4042	[0.6607,2.0307]	0.6007	135/135
206	Q	0.1255	[0.0013,0.1763]	0.1838	135/135
207	L	0.1836	[0.0013,0.2590]	0.2694	135/135
208	N	0.3297	[0.0646,0.4954]	0.2736	135/135
209	S	0.5169	[0.1763,0.6607]	0.3313	135/135
210	V	1.1135	[0.4954,1.5074]	0.5329	135/135
211	E	0.1375	[0.0013,0.1763]	0.2018	135/135
212	R	2.1247	[1.1424,2.8911]	0.7798	135/135
213	Y	1.4705	[0.6607,2.0307]	0.7899	135/135
214	D	2.0378	[1.1424,2.8911]	0.7357	135/135
215	V	1.0810	[0.4954,1.5074]	0.5162	135/135
216	E	0.4404	[0.1123,0.6607]	0.3664	135/135
217	T	2.5534	[1.5074,2.8911]	0.8382	135/135
218	E	1.9586	[1.1424,2.8911]	0.7681	135/135
219	T	5.3815	[2.8911,5.3826]	0.0516	135/135
220	W	0.3215	[0.0106,0.3637]	0.4703	135/135
221	T	3.4299	[2.0307,5.3826]	1.2287	135/135
222	F	3.4693	[2.0307,5.3826]	1.4356	135/135
223	V	4.1718	[2.0307,5.3826]	1.3231	135/135
224	A	0.8402	[0.3637,1.1424]	0.4547	135/135
225	P	1.2698	[0.6607,1.5074]	0.5988	135/135
226	M	0.1124	[0.0013,0.1763]	0.1645	135/135
227	K	5.3730	[2.8911,5.3826]	0.1543	135/135
228	H	0.1165	[0.0013,0.1763]	0.1705	135/135
229	R	0.6847	[0.2590,0.8707]	0.4378	135/135
230	R	0.1277	[0.0013,0.1763]	0.1871	135/135
231	S	0.0940	[0.0013,0.1123]	0.1377	135/135
232	A	0.1075	[0.0013,0.1123]	0.1575	135/135
233	L	0.1836	[0.0013,0.2590]	0.2694	135/135
234	G	0.5921	[0.1763,0.8707]	0.4894	135/135
235	I	1.3083	[0.6607,1.5074]	0.5666	135/135
236	T	0.3181	[0.0646,0.4954]	0.2642	135/135
237	V	2.6411	[1.5074,2.8911]	0.9170	135/135
238	H	2.2156	[1.1424,2.8911]	0.8230	135/135
239	Q	1.2085	[0.6607,1.5074]	0.5716	135/135
240	G	1.3916	[0.6607,2.0307]	0.7432	135/135
241	R	2.4874	[1.5074,2.8911]	0.9328	135/135
242	I	0.1058	[0.0013,0.1123]	0.1552	135/135
243	Y	0.6240	[0.1763,0.8707]	0.5154	135/135
244	V	0.5830	[0.2590,0.8707]	0.3750	135/135
245	L	2.1506	[1.1424,2.8911]	0.9818	135/135
246	G	0.1877	[0.0013,0.2590]	0.2752	135/135
247	G	0.1877	[0.0013,0.2590]	0.2752	135/135
248	Y	0.1982	[0.0013,0.2590]	0.2905	135/135
249	D	0.3993	[0.1123,0.4954]	0.3321	135/135
250	G	0.1877	[0.0013,0.2590]	0.2752	135/135
251	H	4.2279	[2.0307,5.3826]	1.3127	135/135
252	T	0.6020	[0.2590,0.8707]	0.3819	135/135
253	F	0.1903	[0.0013,0.2590]	0.2790	135/135
254	L	0.1836	[0.0013,0.2590]	0.2694	135/135
255	D	0.4380	[0.1123,0.6607]	0.3605	135/135
256	S	0.5081	[0.1763,0.6607]	0.3258	135/135
257	V	0.1083	[0.0013,0.1123]	0.1589	135/135
258	E	0.1375	[0.0013,0.1763]	0.2018	135/135
259	C	1.5153	[0.6607,2.0307]	0.8127	135/135
260	Y	1.0504	[0.3637,1.5074]	0.6652	135/135
261	D	0.4141	[0.1123,0.4954]	0.3436	135/135
262	P	0.5321	[0.1123,0.6607]	0.4403	135/135
263	D	2.1745	[1.1424,2.8911]	0.8126	135/135
264	T	4.8818	[2.8911,5.3826]	1.0193	135/135
265	D	0.7026	[0.2590,0.8707]	0.4497	135/135
266	T	1.8124	[1.1424,2.0307]	0.6470	135/135
267	W	0.3215	[0.0106,0.3637]	0.4703	135/135
268	S	3.2895	[2.0307,2.8911]	1.1901	135/135
269	E	0.1375	[0.0013,0.1763]	0.2018	135/135
270	V	0.1083	[0.0013,0.1123]	0.1589	135/135
271	T	0.5397	[0.1763,0.6607]	0.3457	135/135
272	R	5.3817	[2.8911,5.3826]	0.0462	135/135
273	M	0.5967	[0.2590,0.8707]	0.3810	135/135
274	T	1.0717	[0.4954,1.5074]	0.5081	135/135
275	S	0.0940	[0.0013,0.1123]	0.1377	135/135
276	G	0.1877	[0.0013,0.2590]	0.2752	135/135
277	R	0.1277	[0.0013,0.1763]	0.1871	135/135
278	S	0.0940	[0.0013,0.1123]	0.1377	135/135
279	G	0.1877	[0.0013,0.2590]	0.2752	135/135
280	V	0.1083	[0.0013,0.1123]	0.1589	135/135
281	G	0.1877	[0.0013,0.2590]	0.2752	135/135
282	V	0.3417	[0.0646,0.4954]	0.2847	135/135
283	A	0.1075	[0.0013,0.1123]	0.1575	135/135
284	V	1.4400	[0.6607,2.0307]	0.6154	135/135
285	T	0.1011	[0.0013,0.1123]	0.1480	135/135
